FID,Id,Latitude,Longitude
0,0,40.023706507299998,116.392104130000007
1,0,40.023670815400003,116.392493767000005
2,0,40.024429268500000,116.393061863000000
3,0,40.024658291700000,116.392832839999997
4,0,40.025068748700001,116.393311706999995
5,0,40.025235311000003,116.394513333999996
6,0,40.025984841200000,116.395173635000006
7,0,40.026270376500001,116.394852408000006
8,0,40.027088316200000,116.394474668000001
9,0,40.027248929800002,116.393960109999995
10,0,40.027921127600003,116.394269440000002
11,0,40.028474947100001,116.394136189999998
12,0,40.029719405199998,116.393800686000006
13,0,40.030621220900002,116.392546710000005
14,0,40.029921659400003,116.390866810000006
15,0,40.030085842200002,116.389153598999997
16,0,40.029588534900000,116.389270191999998
17,0,40.029012705299998,116.389293987000002
18,0,40.028679580800002,116.388672947000003
19,0,40.028604231199999,116.387984887000002
20,0,40.028129528699999,116.387809996000001
21,0,40.028051006500000,116.386446565000000
22,0,40.026926711199998,116.386300227999996
23,0,40.026409178400002,116.387221080000003
24,0,40.026066536000002,116.388252575999999
25,0,40.025539485400003,116.388721329999996
26,0,40.025243242499997,116.388471486000000
27,0,40.025068352100000,116.389014004000003
28,0,40.024993399099998,116.389506552000000
29,0,40.025778621199997,116.390045499999999
30,0,40.026014187900003,116.389820641000000
31,0,40.025978495899999,116.389274555000000
32,0,40.026920762499998,116.388799852000005
33,0,40.027038545800004,116.387968229999998
34,0,40.027738107399998,116.387700541000001
35,0,40.028209240599999,116.388371548999999
36,0,40.027859459900000,116.389042556999996
37,0,40.027456141199998,116.390559463000002
38,0,40.027138483199998,116.390898536999998
39,0,40.027449002899999,116.391041303999998
40,0,40.027306235200001,116.391287578999993
41,0,40.027563217000001,116.391458900000003
42,0,40.027763091700002,116.392358336000001
43,0,40.027905859400001,116.393357710000004
44,0,40.028084318900000,116.392686702000006
45,0,40.028573298200001,116.393093589000003
46,0,40.029062277400001,116.393239926000007
47,0,40.029669040000002,116.392636733000003
48,0,40.029833222800001,116.391530283999998
49,0,40.028559021400000,116.391990708999998
50,0,40.028144995200002,116.391337547000006
51,0,40.028509052700002,116.390659400999994
52,0,40.029511995500002,116.390466664000002
53,0,40.026788702399998,116.390070484000006
54,0,40.026945746800003,116.391580251999997
55,0,40.027017130700003,116.392904422000001
56,0,40.026299723199998,116.394235730999995
57,0,40.026353261099999,116.394014440999996
58,0,40.025839297499999,116.393186388000004
59,0,40.025839297499999,116.392133477000002
60,0,40.026524582299999,116.391601667000003
61,0,40.025464532400001,116.391569544999996
62,0,40.025039798599998,116.391580251999997
63,0,40.024704294599999,116.390837860000005
64,0,40.024643618299997,116.389849194000007
65,0,40.024518696599998,116.388550008999999
66,0,40.023579999299997,116.389288831000002
67,0,40.023283756399998,116.390455957000000
68,0,40.023148127100001,116.390969920000003
69,0,40.023944056799998,116.391276871000002
70,0,40.024233161300003,116.391512438000007
71,0,40.024572234499999,116.391623082999999
72,0,40.024561526900001,116.391783696000005
73,0,40.023433662400002,116.386251449000000
74,0,40.024788624700001,116.371245505000005
75,0,40.024470094100003,116.372011692000001
76,0,40.024156005300000,116.372592280000006
77,0,40.024184558800002,116.373782011000003
78,0,40.024203594500001,116.374453019000001
79,0,40.023120146600000,116.372858780000001
80,0,40.022615700899998,116.373486958000001
81,0,40.022701361499998,116.374595786000000
82,0,40.023386646200002,116.375162098000004
83,0,40.024010064999999,116.375709373999996
84,0,40.027265167700001,116.370855273999993
85,0,40.028278818099999,116.371749950999998
86,0,40.028688085399999,116.372568486000006
87,0,40.028887960100000,116.373758215999999
88,0,40.028954585000001,116.374486331000000
89,0,40.028954585000001,116.375371490999996
90,0,40.028902236800000,116.376132917999996
91,0,40.029006933100000,116.376946693999997
92,0,40.028516764199999,116.376922898999993
93,0,40.028226469899998,116.376941935000005
94,0,40.027798166899998,116.376965729999995
95,0,40.027395641500000,116.376982584000004
96,0,40.026833493799998,116.376860636999993
97,0,40.026173193399998,116.376604845000003
98,0,40.026116681200001,116.376337155000002
99,0,40.026119655499997,116.375968338999996
100,0,40.026283243400002,116.375605471000000
101,0,40.025947144600003,116.375703623999996
102,0,40.025851966099999,116.375400243000001
103,0,40.025822222899997,116.375108759000000
104,0,40.025762736300003,116.374796454000005
105,0,40.025563456500002,116.374353279999994
106,0,40.025373099600003,116.373609697999996
107,0,40.025599148399998,116.373053498999994
108,0,40.025902529699998,116.372898833999997
109,0,40.026179141999997,116.372179047000003
110,0,40.026571753100001,116.372098739999998
111,0,40.027026825000000,116.372568684000001
112,0,40.027234432999997,116.372739409999994
113,0,40.027412892500003,116.373046360999993
114,0,40.027555660200001,116.373224820000004
115,0,40.027726981400001,116.373496079000006
116,0,40.027773380900001,116.373728076000006
117,0,40.027741258200003,116.373956504999995
118,0,40.026816837600002,116.375582866000002
119,0,40.025688021299999,116.376952364999994
120,0,40.025945003099999,116.377676910999995
121,0,40.025994971700001,116.378497824999997
122,0,40.026740932800003,116.379136709999997
123,0,40.026530350500003,116.379889809999995
124,0,40.026990776200002,116.380121806999995
125,0,40.027540431699997,116.380546541000001
126,0,40.028582635600003,116.380767831000000
127,0,40.029342873399997,116.380460880000001
128,0,40.029314319800001,116.379993315999997
129,0,40.029197726200003,116.377887493000003
130,0,40.029238494300003,116.378934615000006
131,0,40.029330698499997,116.381684578000005
132,0,40.029438666499999,116.383368521999998
133,0,40.029478641399997,116.383993844000003
134,0,40.029575128600001,116.385299931000006
135,0,40.029262824299998,116.386459918000000
136,0,40.028620726800000,116.386943543000001
137,0,40.027764120800001,116.385829242000000
138,0,40.026996744599998,116.385861363999993
139,0,40.026272198800001,116.386792923000002
140,0,40.026031873199997,116.386496085999994
141,0,40.026204384099998,116.385913118000005
142,0,40.027266218599998,116.383979805999999
143,0,40.027215655100001,116.382906074000005
144,0,40.026965811700002,116.382317157000003
145,0,40.026305511200000,116.381701472000003
146,0,40.026174640900003,116.382171415000002
147,0,40.025669005399998,116.382284440000006
148,0,40.025273419999998,116.382891201999996
149,0,40.025017628000001,116.382736537000000
150,0,40.025401316000000,116.381329680999997
151,0,40.024906388200002,116.383457394999994
152,0,40.024737446400003,116.384156957000002
153,0,40.024682718800001,116.384954076000000
154,0,40.024699374999997,116.386058145999996
155,0,40.025265686799997,116.387521513999999
156,0,40.024322428799998,116.386550298000003
157,0,40.022490243800000,116.384807343000006
158,0,40.022091684099998,116.383272590000004
159,0,40.022823368300003,116.381922246000002
160,0,40.023025622500001,116.380964512999995
161,0,40.024197507099998,116.380565953000001
162,0,40.024643656000002,116.381261945999995
163,0,40.024518734300003,116.382302960000004
164,0,40.023929817700001,116.382713417000005
165,0,40.024024996100003,116.383338025000000
166,0,40.024251044899998,116.384075658000000
167,0,40.023156492900000,116.382713417000005
168,0,40.023073211700002,116.383944787999994
169,0,40.023590744499998,116.383724688000001
170,0,40.022383167999998,116.383183360000004
171,0,40.023632385100001,116.384599140000006
172,0,40.023168390199999,116.381642658999994
173,0,40.025315853700000,116.386532451999997
174,0,40.025309905100002,116.385128570000006
175,0,40.028732759699999,116.382379103000005
176,0,40.028290179999999,116.381532014000001
177,0,40.028233072900001,116.383721119000000
178,0,40.026971958600001,116.381408281999995
179,0,40.029241964400001,116.385381981999998
180,0,40.028085546299998,116.385577097999999
181,0,40.029213410899999,116.383411788999993
182,0,40.029004018300000,116.381446354000005
183,0,40.024891913099999,116.379359269000005
184,0,40.024295858099997,116.379162964000002
185,0,40.024570685900002,116.377460459000005
186,0,40.025152464100003,116.376043490000001
187,0,40.023789032899998,116.377064278999995
188,0,40.025023973200000,116.374091141999997
189,0,40.024952589400002,116.372920448000002